7
4 4 4 4 4 4 4 4 4 4 4 4 4 12 12 12 4 4 4 12 12 12 4 4 4 4 4 4 4 4 4 4 0 8 8 0 0 12 4 4 4 4 4 8 8 0 0 8 4 4 4 4 4 4 
22 4 6 4 6 4 4 4 4 4 4 4 4 22 4 6 4 6 4 4 4 4 4 4 4 22 4 6 4 6 4 4 4 4 4 4 22 4 6 4 6 4 4 4 4 4 14 4 6 4 4 4 4 4 4 14 4 6 4 4 

48 80 96 80 96 32 80 32 96 80 96 48 80 80 96 80 48 96 48 80 48 80 96 48 96 80 80 48 32 80 96 96 80 32 80 48 32 80 32 48 80 80 96 96 48 96 48 32 80 80 80 96 32 48 32 32 32 48 96 80 32 48 96 96 48 32 80 96 48 48 32 32 80 80 80 48 96 32 96 32 80 48 48 96 96 48 80 48 32 48 32 32 32 96 80 80 32 32 32 80 48 48 80 32 80 96 48 80 48 32 80 96 32 32 48 96 48 96 32 32 32 96 48 48 32 48 80 48 96 80 48 48 48 32 48 80 80 80 80 32 80 96 32 96 80 80 48 48 32 96 32 48 96 96 96 96 96 80 32 32 48 32 96 96 80 32 80 32 32 48 80 80 32 96 32 48 80 80 96 32 32 96 80 96 48 48 80 80 80 32 80 32 32 96 80 32 32 80 48 96 48 48 96 32 32 96 48 80 80 96 32 32 80 96 80 32 48 32 96 96 32 80 32 32 48 96 32 48 48 96 48 80 32 32 32 32 48 80 80 48 32 48 80 96 48 80 48 96 80 80 48 32 48 80 96 96 
4 4 4 4 4 4 4 4 4 4 4 4 4 4 4 4 4 4 4 4 4 4 4 4 4 4 4 4 4 4 4 4 4 4 4 4 4 4 4 4 4 4 4 4 4 4 4 
18 0 18 0 2 4 0 0 0 0 4 0 0 0 0 4 0 0 0 0 4 0 0 0 0 4 0 0 0 0 4 0 0 0 0 4 0 0 0 0 4 0 0 0 0 4 0 0 0 0 4 18 0 18 0 0 4 0 0 0 0 4 0 0 0 0 4 0 0 0 0 4 0 0 0 0 4 0 0 0 

64 96 48 96 48 64 32 64 64 96 96 64 32 64 64 48 64 32 64 64 64 32 48 64 96 96 48 96 48 32 64 64 64 96 32 64 48 32 64 64 32 32 64 48 64 64 96 32 48 96 96 64 64 64 48 32 64 96 48 48 32 32 48 96 64 32 96 32 48 48 96 96 64 48 48 32 64 48 32 32 32 96 32 32 32 48 64 48 32 64 64 64 96 48 48 32 96 32 32 48 96 48 96 64 32 32 32 96 64 48 64 48 32 64 48 48 96 48 48 48 64 32 48 64 64 32 64 96 64 32 96 64 48 48 64 32 64 96 32 48 64 96 96 96 96 96 64 32 64 32 48 32 96 96 32 64 32 32 64 48 32 96 64 32 48 96 32 32 64 96 96 48 48 32 64 32 32 96 32 32 48 96 48 48 96 32 64 32 96 64 64 48 96 32 32 96 32 64 64 48 64 32 64 96 96 32 64 64 64 32 64 32 48 96 32 48 48 96 48 32 32 32 64 32 48 64 64 48 32 48 64 96 64 48 48 96 64 48 32 64 48 96 96 48 64 96 96 96 48 48 48 64 64 48 32 96 
5 21 21 5 5 5 5 5 5 5 5 5 5 5 13 13 13 5 5 5 5 4 4 4 4 4 4 4 13 5 4 4 4 4 4 4 6 14 14 14 6 6 6 6 6 6 6 6 6 6 2 2 10 14 4 4 4 4 12 14 6 6 4 4 4 4 4 4 4 12 14 4 4 4 4 4 4 4 4 4 4 4 4 4 4 4 4 4 4 4 4 4 4 4 4 4 4 4 4 4 4 4 0 2 2 18 18 18 2 18 18 22 6 4 4 4 4 4 4 4 4 4 5 1 0 0 4 4 4 4 4 4 6 2 22 22 6 6 6 0 0 0 0 1 0 4 4 4 4 4 4 4 4 16 16 20 4 4 4 4 4 0 2 2 8 0 0 8 12 12 4 4 4 4 4 4 4 4 4 4 4 4 4 4 4 4 2 2 2 2 6 6 6 6 6 6 6 4 4 4 0 8 10 0 0 4 4 4 4 4 4 4 5 5 5 5 5 5 5 5 5 5 5 4 4 4 4 14 14 4 4 4 4 4 4 4 4 0 2 2 0 0 2 2 6 6 4 4 4 6 6 4 4 4 4 4 20 4 0 0 0 0 8 8 8 4 4 4 4 4 4 4 5 5 4 4 4 4 4 4 4 4 4 1 1 1 1 1 1 1 1 4 4 4 4 4 4 4 4 0 0 0 0 4 4 4 4 4 1 1 4 0 0 0 0 0 0 2 2 0 2 2 0 0 4 4 4 4 4 4 4 0 21 5 5 4 4 4 1 1 17 17 21 21 21 5 5 4 4 0 0 1 9 8 0 0 4 4 4 4 4 4 0 0 2 2 8 8 0 0 0 8 8 8 0 0 0 0 0 0 0 0 0 0 0 0 0 0 0 0 0 0 0 0 0 0 0 0 0 0 0 0 0 0 0 0 0 0 0 0 0 16 16 4 4 4 4 4 2 18 2 2 18 18 18 4 4 4 4 2 2 2 2 2 4 4 16 17 0 16 16 4 4 4 4 2 2 4 1 1 9 1 1 9 9 4 4 4 4 4 0 0 0 0 0 0 0 0 0 0 0 0 0 0 0 0 0 0 0 8 8 0 8 8 0 0 8 0 0 8 0 0 8 0 0 8 0 0 8 0 0 8 0 0 8 0 0 8 0 0 0 0 0 0 0 8 8 0 0 8 8 8 8 8 8 8 8 8 8 8 8 8 8 8 8 8 8 8 8 8 8 8 0 0 8 8 8 0 8 10 2 10 10 2 10 10 10 10 2 10 10 2 10 10 2 2 10 2 2 10 2 2 10 2 2 10 2 2 10 10 2 10 10 2 2 10 10 2 10 
14 4 6 4 4 4 4 4 4 4 4 4 4 22 4 6 4 6 4 4 4 4 4 4 4 14 4 6 4 4 4 4 4 4 4 4 4 4 4 4 4 4 4 4 4 4 4 4 4 6 4 6 4 6 4 4 4 4 4 20 4 20 4 4 4 4 4 4 4 6 4 4 4 4 4 4 4 4 4 4 4 4 6 4 4 4 4 4 4 4 4 4 4 6 4 6 4 4 4 4 4 4 4 12 4 4 4 4 4 4 4 4 14 4 4 4 4 4 4 4 6 4 6 4 6 0 4 4 21 4 4 4 4 4 4 4 4 4 4 4 4 13 4 12 4 4 4 4 4 4 4 4 4 4 4 4 4 4 4 4 12 4 4 4 4 4 13 4 5 4 4 4 4 4 4 4 4 13 4 5 4 4 4 4 4 4 4 14 4 4 4 4 4 4 22 4 6 4 2 0 4 4 22 4 4 4 4 4 4 22 4 6 4 4 4 4 14 4 4 4 4 4 2 4 6 4 4 4 4 14 4 4 4 2 0 2 0 6 4 4 4 4 14 4 4 4 2 0 2 0 6 4 4 4 4 10 0 2 0 4 16 0 20 4 4 4 18 0 2 0 4 6 9 4 5 4 4 4 4 4 4 20 4 20 4 4 4 4 4 4 4 4 5 4 4 4 4 4 4 4 4 4 4 4 4 13 4 12 4 4 4 4 4 4 4 13 4 12 4 4 4 4 4 4 4 4 4 4 4 4 4 4 4 22 4 6 4 4 4 4 4 4 4 4 4 4 6 4 4 4 4 4 4 4 4 4 4 4 14 4 4 4 4 4 4 4 4 4 4 4 4 4 4 4 4 4 4 5 4 5 4 4 4 4 4 4 4 4 4 22 4 6 4 6 0 4 12 4 
3 0 0 0 1 0 
32 32 32 48 32 48 32 32 96 64 32 64 48 32 64 48 32 96 32 48 32 96 32 32 48 32 48 64 48 32 96 96 48 64 48 48 96 96 32 96 48 32 48 32 48 48 96 48 96 32 48 48 96 64 64 64 96 32 32 48 96 48 96 64 48 48 96 48 32 48 96 64 48 64 96 64 48 64 96 64 48 96 32 48 48 48 96 64 64 32 64 64 48 48 64 32 96 96 32 32 64 64 48 96 32 32 96 64 96 48 96 32 48 96 48 48 48 96 64 64 48 64 64 96 96 32 48 48 48 32 64 96 64 32 64 96 64 64 96 64 64 32 64 64 48 96 64 48 64 96 64 48 48 64 48 96 32 48 32 96 64 96 48 48 96 96 32 64 48 96 48 48 48 64 96 32 48 32 48 48 96 64 32 48 32 96 96 64 32 48 32 64 32 96 48 32 32 64 96 32 48 32 64 64 32 96 32 64 32 32 32 48 96 96 48 48 32 96 96 32 32 96 48 48 64 64 48 96 64 32 64 48 32 32 96 48 64 64 48 48 96 64 64 96 96 32 32 96 64 48 32 96 96 48 48 64 
5 5 5 5 5 5 5 5 5 4 4 4 4 13 13 4 4 4 4 4 4 4 4 4 4 4 4 13 13 4 4 4 4 4 4 4 4 4 4 4 5 5 4 4 4 4 4 4 4 4 4 6 6 4 4 4 4 4 4 4 4 4 5 5 13 13 13 13 13 13 5 0 0 8 8 0 8 4 4 4 4 4 4 4 4 4 4 2 2 18 18 2 22 22 6 6 6 6 6 6 6 6 6 6 1 1 5 5 5 5 5 5 5 5 5 5 1 9 9 1 9 9 9 5 5 5 5 5 4 4 2 6 6 6 6 6 6 6 6 6 6 6 2 2 6 4 4 4 4 4 4 4 5 5 5 2 2 6 6 6 6 6 6 6 6 6 2 2 2 18 22 22 22 22 22 22 22 4 4 0 0 0 0 0 2 2 2 10 10 6 4 4 4 4 4 4 0 16 16 16 4 4 4 4 4 4 4 4 4 0 0 0 1 1 1 1 0 0 0 8 8 8 0 8 8 8 0 0 4 4 4 4 0 8 8 10 4 4 4 4 4 4 4 4 4 2 6 4 4 6 4 4 4 4 4 4 17 17 21 21 21 4 0 0 0 8 10 2 0 4 4 4 4 4 4 4 4 6 4 4 4 4 4 4 4 4 4 5 5 1 9 4 4 4 4 4 4 4 4 4 4 4 4 4 4 0 8 10 2 0 8 12 4 4 4 12 13 4 4 4 4 4 4 12 12 12 12 12 4 4 4 5 4 4 4 22 22 4 4 0 0 0 0 0 0 0 0 0 4 4 4 12 12 12 4 4 4 4 13 13 13 13 13 13 13 5 5 21 21 21 21 21 21 21 21 4 4 4 4 4 4 4 4 14 4 4 4 4 4 4 4 22 4 4 4 4 4 4 4 4 4 4 4 18 18 2 2 18 18 6 4 4 4 20 4 1 1 1 5 5 5 5 5 5 5 4 4 8 0 0 8 8 4 4 4 4 4 4 8 0 0 8 8 4 4 4 4 5 4 4 4 4 4 4 4 4 4 4 4 4 14 14 4 4 4 4 14 14 4 4 6 6 6 6 6 6 6 6 6 6 6 6 4 6 4 4 4 4 4 6 6 6 4 5 5 4 4 4 4 4 6 4 4 4 4 4 4 4 4 6 14 4 4 4 4 4 4 14 14 4 4 4 2 18 12 6 6 4 4 2 2 2 4 4 1 1 4 4 4 4 4 4 4 4 4 4 4 4 4 4 4 4 4 4 
22 4 22 4 6 4 4 4 4 4 4 4 22 4 22 4 6 4 4 4 4 4 22 4 22 4 6 4 4 4 22 4 22 4 4 4 4 4 4 4 4 4 6 4 6 4 4 4 4 4 4 4 4 22 4 22 4 4 4 4 4 6 4 4 4 4 4 4 4 4 4 4 4 4 22 4 4 4 4 4 4 4 4 4 4 22 4 6 4 4 4 4 4 18 4 6 4 6 0 4 13 4 5 4 4 4 4 4 4 4 4 4 4 4 20 4 20 4 4 4 4 4 4 4 4 12 4 4 4 4 4 4 4 4 13 4 4 4 4 4 4 4 4 4 5 4 5 4 4 4 4 4 4 4 4 4 4 4 4 4 4 4 4 4 4 13 4 12 4 4 4 4 4 4 4 13 4 4 4 4 4 6 4 4 4 4 4 4 4 4 14 4 6 0 4 18 0 2 0 6 4 4 4 14 4 2 4 2 0 4 4 12 4 4 4 4 4 4 4 4 4 4 14 4 4 4 22 4 20 4 4 4 4 12 4 4 4 4 2 0 2 4 2 0 4 4 12 4 4 4 4 22 4 18 0 4 4 18 0 2 4 4 2 0 2 0 4 13 4 5 4 4 4 4 4 13 4 5 4 4 4 4 4 22 4 4 4 4 18 0 20 9 4 4 20 4 4 4 4 4 4 4 4 4 4 4 20 4 20 4 4 4 4 4 13 4 5 4 4 4 4 4 4 4 4 4 4 4 4 14 4 4 4 4 4 4 4 4 6 4 4 4 4 4 4 4 4 14 4 4 4 4 4 20 4 20 4 4 18 4 22 4 6 4 4 4 4 4 4 4 6 4 4 4 4 18 4 4 14 13 4 12 4 4 4 4 4 4 4 4 4 5 4 4 4 4 4 4 4 4 4 4 6 4 6 4 6 4 4 4 4 4 4 4 4 13 4 5 4 4 4 4 4 4 22 4 22 4 4 4 4 4 4 4 4 4 14 4 6 4 4 4 4 4 4 4 4 22 4 4 4 4 4 4 4 4 4 4 4 4 5 4 4 4 4 4 4 4 4 4 4 4 4 4 4 4 4 4 4 4 
2 3 4 2 4 4 2 3 4 2 4 4 
80 64 80 96 64 80 80 32 96 96 64 80 32 96 80 96 32 80 64 32 96 96 80 64 32 32 32 80 80 80 80 64 80 32 32 32 96 64 96 80 32 96 32 32 64 64 64 96 64 32 96 32 64 96 32 64 32 32 32 64 64 96 64 80 80 80 64 96 80 80 64 96 80 96 80 96 64 32 80 64 32 64 96 32 80 80 80 64 80 64 96 96 96 32 32 64 32 96 96 32 32 96 32 80 80 80 32 32 96 80 64 32 64 64 80 32 64 96 80 80 80 96 32 32 80 96 96 96 32 64 32 64 64 64 32 80 96 32 80 64 32 32 64 32 80 80 96 80 80 32 32 64 80 80 80 32 80 96 96 32 80 64 96 64 64 32 32 96 64 96 96 32 80 80 32 64 80 32 96 80 80 80 80 96 96 96 64 96 32 32 64 96 64 96 64 64 96 96 80 96 80 64 64 80 96 32 64 80 64 32 80 64 64 64 80 96 96 64 64 80 80 64 96 32 96 64 96 64 32 96 32 80 32 64 96 80 32 32 96 32 80 64 80 80 32 64 64 80 32 80 32 96 32 64 64 80 
5 5 5 13 13 5 5 4 12 12 12 4 6 6 6 22 22 6 6 22 22 22 6 6 6 6 4 4 4 4 4 4 4 6 6 6 4 4 4 4 12 12 4 4 4 4 4 4 4 4 4 14 14 4 4 4 4 4 4 4 4 1 1 13 5 5 13 13 5 5 5 5 5 4 4 4 4 4 4 5 5 4 4 4 4 4 4 6 22 22 22 22 22 22 22 22 1 9 9 1 9 13 13 4 4 4 4 4 4 12 12 12 12 12 12 12 12 12 12 12 4 4 20 20 20 20 20 20 4 4 4 4 12 12 12 12 12 12 12 12 12 12 6 6 6 6 6 6 6 6 6 6 14 4 4 4 4 4 4 4 4 4 4 4 4 4 5 4 4 4 4 13 13 13 13 13 13 4 22 4 4 4 6 6 4 4 4 10 10 14 14 14 14 14 14 14 4 12 12 12 12 12 12 12 5 5 5 5 5 5 5 21 21 21 21 4 4 4 4 4 4 4 4 4 8 8 0 0 8 8 4 4 4 4 4 4 5 4 4 4 4 9 9 9 5 6 6 6 6 6 6 6 9 13 4 2 2 4 4 6 4 4 2 18 18 0 4 4 4 4 4 5 5 5 5 5 4 13 4 4 4 4 4 4 5 5 5 5 5 5 20 20 20 4 20 20 4 4 4 17 20 20 20 20 20 20 6 4 4 4 4 4 4 4 4 4 4 6 4 4 4 1 1 1 4 4 4 5 5 5 5 0 0 0 0 0 0 0 0 0 0 0 0 0 0 0 0 0 0 0 0 0 0 0 0 0 0 0 0 0 0 0 0 0 0 0 0 0 0 0 0 0 0 0 0 0 0 0 0 0 0 0 0 0 0 0 0 0 0 0 0 0 0 0 0 0 0 0 0 0 0 0 0 0 0 0 0 0 0 0 0 0 0 0 0 0 0 0 0 0 0 0 0 0 0 0 0 0 0 0 0 0 0 0 0 0 0 0 0 0 0 0 0 0 0 0 0 0 0 0 0 0 0 0 0 0 0 0 0 0 0 0 0 0 0 0 0 0 0 0 0 0 0 0 0 0 0 0 0 0 0 0 0 0 0 0 0 0 0 0 0 0 0 0 0 0 0 0 0 0 0 0 0 0 0 0 0 0 0 0 0 0 0 0 0 0 0 0 0 0 0 
22 4 6 4 6 4 4 4 4 4 4 4 4 6 4 6 4 6 4 4 4 4 4 4 4 22 4 22 4 4 4 4 4 4 4 4 14 4 6 4 4 4 4 4 4 4 6 4 4 4 4 4 4 4 4 4 4 4 4 22 4 20 4 4 4 4 4 4 4 14 4 4 4 4 4 4 4 4 22 4 6 4 6 4 4 4 21 4 4 4 4 4 4 4 4 4 4 4 4 4 20 4 4 4 4 4 4 4 4 4 4 4 20 4 4 4 4 4 4 4 4 4 4 4 12 4 4 4 4 4 4 4 4 22 4 4 4 4 4 4 4 6 4 6 4 6 0 4 4 4 4 6 4 6 4 4 4 4 13 4 5 4 4 4 4 4 4 4 2 0 2 4 6 4 4 4 4 20 4 20 4 4 4 4 4 14 4 2 0 4 4 4 4 4 4 4 4 4 6 4 4 4 4 4 21 4 4 4 4 4 4 4 4 18 4 6 0 4 5 4 4 4 4 4 4 4 4 22 4 4 4 4 4 2 0 2 0 2 0 4 4 20 4 4 4 4 4 20 4 20 4 6 4 4 4 4 18 0 2 0 6 4 4 4 18 4 4 5 4 4 4 4 9 0 13 4 4 4 4 4 4 4 4 4 4 4 4 4 4 4 4 4 4 4 4 13 4 4 4 4 4 4 4 4 4 20 4 4 4 4 4 4 4 4 6 4 6 4 6 4 4 4 4 4 22 4 22 4 4 4 4 4 4 4 13 4 4 4 4 4 4 4 12 4 4 4 4 4 4 6 4 6 4 4 4 4 4 4 4 22 4 20 4 4 4 4 4 4 4 4 14 4 4 4 4 4 4 4 4 4 4 4 4 4 6 4 4 4 4 4 4 4 4 18 0 18 0 6 0 4 18 4 4 
4 2 3 2 1 2 
48 32 64 80 80 64 64 64 80 80 80 48 80 48 64 48 64 32 80 64 48 80 80 80 48 64 32 48 32 32 48 64 32 80 48 32 80 32 48 32 48 48 64 80 32 48 80 32 64 48 32 32 48 80 48 64 48 32 64 80 64 32 80 48 32 64 80 48 32 64 48 32 48 48 80 64 48 48 80 32 80 32 64 32 80 64 48 48 80 64 64 32 64 32 80 32 32 64 48 48 64 32 32 80 48 32 32 48 32 48 64 64 48 32 80 80 64 48 64 48 48 32 64 64 64 64 80 80 48 64 80 64 48 80 64 64 32 64 80 64 80 80 32 64 32 32 48 80 32 80 64 64 48 80 80 64 32 64 48 64 48 48 32 80 48 32 64 48 32 80 32 80 48 80 32 48 64 64 64 32 48 48 48 80 48 32 32 48 80 32 64 64 80 32 64 32 32 64 64 48 48 48 80 80 64 48 32 32 32 48 48 64 64 80 32 48 80 64 64 32 32 80 80 64 64 48 48 48 64 48 80 48 48 80 64 64 80 32 80 32 48 64 32 32 32 48 64 48 32 48 32 32 80 80 48 64 
5 21 5 5 5 5 5 5 5 5 5 5 5 5 21 21 5 5 5 5 5 5 5 5 5 5 21 21 5 5 5 5 5 5 5 5 1 9 1 5 13 13 4 4 4 4 4 4 6 14 14 14 14 14 14 14 14 14 14 14 14 4 12 12 12 12 4 4 4 4 4 4 4 4 4 22 22 4 4 4 4 4 4 4 4 4 0 0 9 1 0 8 12 4 4 4 4 4 4 4 4 0 0 8 8 0 8 8 4 4 4 4 4 4 4 4 4 4 1 1 9 9 1 5 4 4 4 4 4 4 4 2 2 6 14 14 6 6 6 6 6 6 6 6 6 6 6 6 4 4 4 4 4 4 4 4 4 4 6 4 4 4 4 4 4 4 4 2 10 10 2 8 4 4 4 4 4 4 4 4 4 14 14 4 4 4 4 4 4 4 22 22 4 4 4 4 4 0 0 10 2 0 4 4 1 1 1 4 4 4 4 1 1 5 5 5 5 5 5 5 14 14 14 4 4 4 2 2 6 6 6 6 6 6 6 6 6 6 4 17 21 4 4 4 2 2 2 2 18 18 0 16 16 4 4 4 4 4 4 4 4 4 6 4 4 4 4 12 4 6 4 4 4 4 18 18 0 2 2 4 2 2 2 2 2 2 6 6 6 4 4 4 0 0 16 16 0 0 16 16 16 0 16 0 0 8 4 4 4 4 4 2 2 10 10 2 10 4 4 4 4 4 2 2 4 4 4 4 4 4 2 2 18 18 2 18 18 2 2 2 18 18 2 2 2 18 18 5 5 5 5 5 6 6 6 6 6 6 10 10 14 20 4 4 4 4 4 4 4 4 4 4 4 2 2 2 6 6 6 6 5 4 4 4 4 4 4 5 4 4 4 4 21 21 2 2 2 2 2 4 21 4 10 10 0 8 8 8 0 0 0 4 4 4 4 4 4 4 4 4 14 4 4 4 4 4 4 4 4 4 6 6 6 6 6 6 6 6 6 6 6 6 4 14 12 4 4 4 12 4 5 5 4 4 6 6 4 4 4 4 4 4 4 4 4 4 6 4 4 4 4 4 4 4 4 6 14 4 4 4 4 4 20 20 20 20 20 20 20 20 20 20 4 12 12 12 6 4 4 4 14 6 6 4 20 20 20 20 4 4 4 4 4 4 4 5 4 4 5 4 4 4 4 4 4 4 4 4 4 4 4 4 4 4 4 10 2 10 8 4 4 4 4 4 4 4 4 5 5 4 4 4 4 4 4 4 4 4 4 4 20 20 4 4 20 20 20 4 4 4 4 4 6 6 4 4 4 4 4 4 4 4 4 21 21 21 21 21 21 21 21 21 21 5 5 5 5 5 5 5 5 5 5 5 5 5 5 13 13 13 13 13 13 5 4 4 4 4 4 4 4 4 4 4 4 6 6 6 6 6 6 6 6 6 6 6 4 4 6 4 4 4 4 4 21 21 21 21 21 21 21 21 4 4 12 12 12 12 12 12 4 6 4 4 4 4 4 4 4 4 4 6 4 4 4 6 4 4 4 4 4 12 12 12 12 12 12 12 12 12 12 4 4 5 5 4 4 4 4 4 4 4 4 20 6 4 20 4 4 4 4 4 4 4 5 4 4 4 4 4 4 4 5 5 4 4 4 4 4 4 1 0 16 16 0 0 16 16 4 4 4 4 4 4 4 4 4 4 4 4 4 4 4 4 4 4 4 4 5 5 4 4 4 4 4 4 4 5 5 4 4 4 4 8 0 0 8 6 2 2 2 4 4 4 4 4 2 2 14 14 10 10 10 10 4 18 18 2 2 18 18 2 18 18 2 18 18 2 20 4 2 4 4 4 4 17 1 1 17 1 1 17 1 1 17 17 1 1 17 1 1 17 17 1 17 17 1 1 1 1 0 8 0 0 8 0 0 8 8 0 8 8 0 0 8 8 0 8 8 0 0 
6 4 6 4 6 4 4 4 4 4 4 4 4 6 4 6 4 6 4 4 4 4 4 4 6 4 6 4 4 4 4 4 4 4 4 4 4 22 4 22 4 4 4 4 4 4 4 4 4 4 4 4 4 4 4 4 4 4 4 4 22 4 22 4 4 4 4 4 6 4 6 4 6 4 4 4 4 6 4 4 4 4 4 4 4 4 4 4 4 4 6 4 4 4 4 4 4 4 4 4 4 12 4 4 4 4 4 4 4 4 13 4 5 4 4 4 4 4 4 4 4 4 4 4 5 4 4 4 4 4 4 4 4 4 4 4 20 4 20 4 4 4 4 4 4 22 4 22 4 2 0 4 22 4 20 4 4 4 4 22 4 6 4 4 4 12 4 4 4 4 4 4 4 4 4 4 4 4 4 12 4 4 4 12 4 18 0 2 0 6 4 4 4 4 12 5 4 5 4 4 4 4 4 4 4 4 4 4 9 0 13 4 4 4 4 4 4 4 4 20 6 4 4 4 4 18 0 2 0 6 4 4 4 6 5 4 4 4 4 4 4 4 4 4 9 0 4 5 4 5 4 4 4 4 5 4 1 0 4 4 5 4 4 4 4 4 4 22 4 22 4 4 4 4 4 13 4 4 4 4 4 4 4 4 4 4 12 4 4 4 4 4 4 4 4 4 6 4 4 4 4 4 4 4 4 4 4 4 22 4 22 4 4 4 6 4 4 4 4 4 4 4 4 21 4 4 4 4 4 4 4 22 4 4 4 4 4 4 4 4 4 4 4 4 4 4 4 4 13 4 4 4 4 4 6 4 4 4 4 4 4 20 4 4 4 4 13 4 4 4 4 18 4 6 0 4 9 4 4 13 4 12 4 4 4 4 4 4 4 4 4 6 4 6 4 6 4 4 4 4 4 4 4 6 4 6 4 6 4 4 4 4 4 20 4 20 4 4 4 4 4 4 4 4 4 20 4 4 4 4 4 4 4 4 4 4 22 4 4 4 4 4 4 4 4 4 5 4 5 4 4 4 4 4 4 4 4 13 4 12 4 4 4 4 4 4 22 4 6 4 6 4 4 4 13 4 4 4 4 4 4 4 4 6 4 6 4 4 4 4 4 4 4 4 4 4 5 4 5 4 4 4 4 4 6 4 6 4 2 0 4 4 20 4 20 4 4 4 4 5 4 4 4 4 4 4 6 4 2 0 2 0 4 4 5 4 5 0 4 4 13 4 1 0 4 1 0 1 0 4 4 5 4 4 4 12 4 4 4 4 4 22 4 4 4 4 4 22 4 22 4 4 4 4 4 4 4 22 4 22 4 4 4 4 4 4 14 4 4 4 4 4 4 4 4 4 4 4 4 6 4 6 4 6 4 4 4 4 4 5 4 4 4 4 4 4 4 4 4 4 4 4 6 4 4 4 4 4 4 4 4 4 4 4 5 4 5 4 4 4 4 4 4 4 6 4 6 4 4 4 4 4 4 4 4 4 5 4 5 4 4 4 4 4 13 4 13 0 4 13 4 12 4 4 4 4 4 4 4 6 4 6 4 4 4 4 4 4 4 13 4 4 4 4 4 4 4 4 13 4 4 4 4 4 4 4 4 13 4 4 4 4 4 4 4 6 4 6 4 6 0 4 4 4 4 22 4 6 4 4 4 4 4 
4 0 3 2 0 4 4 0 3 2 0 4 4 2 0 0 2 3 0 2 0 2 4 3 
96 96 80 96 96 48 32 48 96 96 80 32 96 80 32 48 32 48 32 80 80 80 96 32 80 48 96 32 48 32 96 48 32 96 80 80 80 80 32 80 48 80 96 80 32 96 96 80 80 48 80 80 32 48 96 48 96 96 80 32 96 80 96 80 96 80 48 80 32 32 32 32 48 48 96 32 80 32 48 32 96 48 80 80 48 48 48 96 32 96 80 80 48 80 80 48 96 32 32 96 80 80 96 48 80 96 48 80 32 32 48 80 80 48 48 32 80 80 48 80 96 96 48 32 96 96 96 48 80 80 96 96 96 96 32 32 80 80 96 80 80 96 96 80 48 32 48 48 48 96 32 32 96 80 80 80 80 48 32 48 48 96 32 32 48 48 96 32 96 32 32 32 80 48 96 48 32 96 48 96 80 96 80 96 48 80 48 32 80 80 80 32 32 96 80 32 96 80 32 80 96 48 96 32 48 32 80 32 80 32 80 80 80 32 32 80 48 96 48 32 80 96 80 80 96 96 96 80 96 80 96 96 48 32 80 80 96 48 80 48 32 96 96 96 32 80 96 32 96 32 80 48 48 96 80 32 
4 12 13 5 12 12 4 4 4 4 4 4 5 5 5 5 5 5 5 5 5 5 5 5 5 5 13 13 5 5 5 5 5 5 5 5 1 9 1 5 13 13 4 4 4 4 4 4 1 13 13 13 13 13 13 13 13 4 12 12 12 4 4 4 4 4 4 4 4 4 4 4 4 4 4 4 4 4 4 4 4 4 4 4 4 6 6 4 4 4 4 4 4 4 4 4 4 4 4 5 4 4 4 4 4 4 4 4 4 4 4 4 4 4 6 6 22 22 22 22 6 6 6 6 6 6 6 6 14 14 14 14 14 6 6 6 6 6 6 6 14 14 14 14 6 6 6 6 6 6 4 12 4 4 6 6 4 4 4 4 2 18 18 2 18 22 22 6 6 6 6 6 6 6 2 18 18 18 2 18 6 4 4 4 4 4 4 1 9 9 1 1 5 4 4 4 4 4 12 0 0 0 0 1 0 8 0 0 8 0 0 0 0 4 4 4 4 4 4 1 5 5 5 4 4 18 2 4 4 6 4 4 4 4 4 4 6 4 4 4 2 2 2 2 4 4 4 0 0 8 8 0 0 8 1 1 4 0 16 18 2 4 4 4 4 4 4 4 4 2 18 18 18 4 4 4 4 14 14 4 4 4 4 4 4 2 2 2 2 2 4 4 9 9 1 1 5 5 1 1 1 1 4 0 0 0 18 4 4 4 4 4 4 4 14 14 4 4 4 4 4 4 4 4 4 4 0 9 9 1 1 1 8 4 4 4 4 8 4 0 8 8 4 4 18 18 2 4 0 16 16 10 2 2 2 0 0 0 0 0 0 2 2 0 4 10 2 10 10 2 2 10 10 2 10 10 2 2 10 2 2 2 0 0 0 0 0 0 0 0 0 0 0 0 0 0 0 0 0 0 0 0 0 0 0 0 0 0 0 0 0 0 0 0 8 8 0 0 0 4 4 4 4 12 12 12 12 12 12 12 12 4 4 4 12 12 10 
22 4 22 4 6 4 4 4 4 4 4 4 6 4 6 4 4 4 4 4 4 4 4 4 4 14 4 6 4 4 4 4 4 4 4 4 22 4 6 4 6 4 4 4 4 4 22 4 20 4 4 4 4 4 4 4 4 4 22 4 20 4 4 4 4 4 4 4 14 4 4 4 4 4 4 4 4 20 4 20 4 4 4 4 4 4 4 4 4 22 4 6 4 4 4 4 4 13 4 5 4 4 4 4 4 4 4 4 4 4 12 4 4 4 4 4 4 5 4 4 4 4 4 4 4 4 4 4 4 4 5 4 5 4 4 4 4 4 4 4 4 4 12 4 4 4 4 4 2 4 6 4 6 4 4 4 4 4 22 4 22 4 4 4 12 4 4 4 4 5 4 5 4 4 4 4 4 4 4 4 10 4 6 4 4 4 10 4 6 0 4 5 4 5 4 4 4 4 4 4 21 4 4 4 4 4 12 4 4 4 4 13 4 4 4 4 4 4 4 4 4 4 4 4 4 4 22 4 18 0 2 0 4 9 0 12 4 4 4 4 4 4 13 4 12 4 4 4 4 4 4 4 4 4 13 4 12 4 4 4 4 4 4 4 13 4 5 4 4 4 4 4 4 4 4 4 4 4 4 4 4 4 4 4 4 4 6 4 6 4 6 4 4 4 4 4 4 4 4 13 4 5 4 4 4 4 4 20 4 20 4 4 4 4 4 4 4 6 4 6 4 4 4 4 4 4 4 4 4 4 14 4 6 4 4 4 4 4 4 4 4 13 4 5 4 4 4 4 18 4 22 4 6 4 4 4 

32 80 80 80 96 80 80 96 64 96 32 64 32 96 64 32 80 64 64 64 32 64 32 32 64 96 64 96 80 96 96 80 32 64 32 80 64 64 64 96 64 64 96 32 96 80 64 96 32 80 32 64 32 64 32 64 32 96 32 80 80 80 80 64 96 96 80 32 96 64 96 32 32 96 80 96 80 32 64 32 80 64 80 80 80 32 96 80 80 32 32 32 32 64 80 64 96 96 64 80 64 96 32 96 96 32 96 80 32 64 80 64 64 96 32 32 32 80 32 80 80 80 64 96 96 64 64 80 80 80 96 80 32 96 80 80 80 80 96 96 32 64 80 96 32 96 80 96 96 96 96 96 32 96 64 64 80 80 32 64 96 64 80 64 96 32 96 64 80 80 64 32 96 96 80 32 80 32 80 96 96 80 80 32 80 96 32 96 64 32 32 32 64 80 64 64 96 80 64 80 32 64 32 64 64 32 96 64 96 96 64 64 96 32 96 96 96 80 32 96 64 64 80 96 96 64 80 64 96 96 96 96 80 96 64 96 96 32 96 64 64 96 80 80 32 96 32 64 64 64 80 32 32 64 80 80 
